Strains,Replicate,N0,r,a11
17B2,0,560,0.15876512243573515,-3.5777812675874843e-08
17B2,1,520,0.15881731820428646,-3.4184121410033164e-08
17B2,2,520,0.16144595829608466,-3.365327443277109e-08
17B2,3,510,0.1591773232984789,-2.364399725743791e-08
17B2,4,520,0.1536230086213336,-2.319844015968879e-08
17B2,5,560,0.1528695787055876,-1.940620241823775e-08
17B2,6,520,0.1560174520712473,-1.9805152587842364e-08
17B2,7,510,0.16390723088244208,-3.392727238550212e-08
17B2,8,630,0.15877057842582087,-3.4931979207351423e-08
17B2,9,570,0.155661845646342,-3.1405089019717346e-08
17B2,10,520,0.16162179985228953,-2.3477830023726236e-08
17B2,11,570,0.1569418795475902,-3.078182405758453e-08
17B2,12,560,0.15161038634794,-1.75514988582201e-08
17B2,13,510,0.16069041239462434,-2.9391286570589213e-08
17B2,14,530,0.15390804898662624,-3.632152883152043e-08
17B2,15,530,0.15802925353082864,-3.53200916406881e-08
17B2,16,570,0.159095623208786,-2.951833057640333e-08
17B2,17,560,0.1682661067501624,-3.3202272746677327e-08
17B2,18,650,0.16107009116261783,-4.0214334522014334e-08
17B2,19,650,0.1573483993293383,-4.139480245772152e-08
17B2,20,600,0.15455470844024433,-2.596175049735126e-08
17B2,21,630,0.15277708879554952,-2.9475835734073427e-08
17B2,22,510,0.1534151834192663,-2.820096577866751e-08
17B2,23,520,0.1547619682102651,-2.9456810944558606e-08
17B2,24,630,0.15785953658152008,-2.8127754113775672e-08
17B2,25,570,0.1588270372390045,-2.484647491466898e-08
17B2,26,700,0.1541842830179878,-3.085130355044749e-08
17B2,27,720,0.15634215938863227,-3.3814974540155174e-08
17B2,28,500,0.15193390918805505,-3.191021620915665e-08
17B2,29,680,0.15469122450429584,-2.7710020540893182e-08
17B2,30,630,0.15414429426027532,-3.393294096183954e-08
17B2,31,550,0.15497864575323705,-2.1259461613540682e-08
17B2,32,530,0.16052013646885532,-2.9990501649129605e-08
17B2,33,520,0.15335173453123074,-2.8918308042455753e-08
17B2,34,500,0.15172156457251595,-2.5296566187857073e-08
17B2,35,520,0.15719112174251815,-2.408622731041991e-08
17B2,36,680,0.15806030988649278,-3.743075096479568e-08
17B2,37,640,0.15535234605304205,-2.5911481467309663e-08
17B2,38,570,0.15461129479931113,-1.9944349510369232e-08
17B2,39,520,0.16511291975390685,-5.0830413714700476e-08
17B2,40,610,0.15546953101278194,-4.679930832656838e-08
17B2,41,700,0.15766812208808878,-2.632252375705666e-08
17B2,42,590,0.15954637775138303,-4.254467320302214e-08
17B2,43,590,0.15136755011666758,-2.2574418639741782e-08
17B2,44,630,0.15582978918465118,-2.59539112256539e-08
17B2,45,590,0.15978627506687404,-2.255575083893615e-08
17B2,46,700,0.15445959835955814,-3.2154668242366116e-08
17B2,47,540,0.1569807037400145,-3.397386117265338e-08
17B2,48,540,0.15709986781987784,-3.093379664866577e-08
17B2,49,780,0.1589387805452952,-4.471377157100929e-08
0092a,0,4290,0.3487561616753452,-4.544356878451334e-08
0092a,1,4320,0.3510334608502136,-4.992401060500143e-08
0092a,2,4480,0.35333555681742146,-4.7019938041557845e-08
0092a,3,4290,0.3627506516045673,-5.524993679787221e-08
0092a,4,4980,0.362853936318312,-5.4334497929411294e-08
0092a,5,4290,0.3488609335828826,-4.62365584449913e-08
0092a,6,4710,0.34945401742827586,-4.8721299130962354e-08
0092a,7,4480,0.35712991563564,-5.0214276420377036e-08
0092a,8,4290,0.35248435351247487,-5.634440529944944e-08
0092a,9,4940,0.35080974094676287,-4.9720971448032214e-08
0092a,10,4710,0.33676255677070377,-4.841895769856306e-08
0092a,11,4670,0.34020514890611664,-4.5984764897380105e-08
0092a,12,4490,0.34283584443897486,-4.734358261229597e-08
0092a,13,4890,0.3413512164269539,-4.7378712534783136e-08
0092a,14,4530,0.34321256414945434,-4.8876752765166586e-08
0092a,15,4590,0.3549266659217186,-4.8207057745254644e-08
0092a,16,4360,0.35624779247085525,-5.289483639555071e-08
0092a,17,4670,0.3582579821552073,-4.903465193747379e-08
0092a,18,4670,0.35658655351902135,-4.9144638467339614e-08
0092a,19,4290,0.3465778867448991,-5.2771936610379364e-08
0092a,20,4940,0.36236833851613437,-4.882061479548481e-08
0092a,21,4820,0.34892530624191187,-4.74760196445315e-08
0092a,22,5020,0.3542838557565372,-5.2847610472010095e-08
0092a,23,4800,0.3520393888487585,-5.020999183742575e-08
0092a,24,4980,0.3339536466325035,-3.828485777054275e-08
0092a,25,4670,0.35652447220267103,-4.542947285766098e-08
0092a,26,4360,0.3438121490178968,-5.2667363773024957e-08
0092a,27,4660,0.3487249381659122,-4.8989680310697754e-08
0092a,28,4590,0.34727439412248307,-4.505339187281659e-08
0092a,29,4660,0.350060532559899,-4.583816080331165e-08
0092a,30,4560,0.35646220185003774,-4.4973724251582114e-08
0092a,31,4670,0.3569058215124884,-5.314225380073493e-08
0092a,32,4890,0.34093585932521797,-5.054148705648867e-08
0092a,33,4820,0.3444688582711454,-4.5686586970538144e-08
0092a,34,4290,0.3370671402582386,-5.149845625250081e-08
0092a,35,4670,0.3524087869449961,-4.4429547556346155e-08
0092a,36,4410,0.3484941371751663,-4.8674824143465703e-08
0092a,37,4820,0.35325766816747406,-5.285371750180881e-08
0092a,38,5120,0.34145320846509697,-4.060268763040022e-08
0092a,39,4770,0.35149088462718103,-4.673888590534407e-08
0092a,40,4820,0.34613464747152767,-5.061610050444843e-08
0092a,41,4660,0.35420089732812177,-5.065616775084796e-08
0092a,42,4830,0.34534154866640165,-4.859246424901618e-08
0092a,43,5080,0.34087075341377626,-4.70894035087874e-08
0092a,44,4940,0.3586889398525782,-4.431390251582648e-08
0092a,45,4770,0.3468203520065788,-4.5324251309379346e-08
0092a,46,4770,0.35330506969232334,-4.5946153769040283e-08
0092a,47,5020,0.33625315379756937,-4.8140928566083737e-08
0092a,48,4720,0.35055671625601503,-5.7390072279958686e-08
0092a,49,4660,0.34873216998719403,-4.842412679182993e-08
232,0,3690,0.21862299154551967,-7.77474091153879e-09
232,1,4400,0.2138185377938494,-7.081342853863713e-09
232,2,3770,0.21937273510760136,-8.157941848856959e-09
232,3,4050,0.22232975224934204,-8.184041175928314e-09
232,4,3840,0.21427999948987797,-8.195695316542348e-09
232,5,3690,0.21525575866344604,-6.554621066488136e-09
232,6,3660,0.2152369861735548,-7.758819924080851e-09
232,7,4400,0.22388612925820484,-8.202662038920958e-09
232,8,3870,0.22034348846508278,-7.4145724033438395e-09
232,9,4400,0.2170618969978989,-1.063077436325122e-08
232,10,3840,0.21580946758313768,-7.211760324599325e-09
232,11,4240,0.21454569725460337,-7.2498579813656886e-09
232,12,4400,0.21705597778428698,-1.0714272901798046e-08
232,13,4290,0.2160421658957442,-9.214918629444304e-09
232,14,3870,0.21938141427236257,-1.0713281315730183e-08
232,15,3790,0.2179969019938527,-8.8076686360319e-09
232,16,3910,0.22342935632921657,-9.14561833661343e-09
232,17,3840,0.21848545884549309,-8.494305994301647e-09
232,18,3660,0.21757507845014024,-9.830896366587137e-09
232,19,4170,0.21514746815115504,-7.73522026311094e-09
232,20,3790,0.21886126419177554,-9.025897356372266e-09
232,21,4240,0.22314041322359668,-8.001015253038267e-09
232,22,4070,0.2176622630371241,-6.855585898550002e-09
232,23,3840,0.22137719891867624,-8.294200791586492e-09
232,24,3690,0.21948341824695716,-8.771458745620672e-09
232,25,3970,0.21373620331323007,-7.776187759173088e-09
232,26,4050,0.20778852440210982,-7.711970716110218e-09
232,27,3570,0.2179792141466701,-6.78116334425576e-09
232,28,3670,0.21264276409254235,-6.913877813027385e-09
232,29,4170,0.21997522360498012,-7.943593723867034e-09
232,30,3840,0.21538287688571178,-8.3500638140382e-09
232,31,3840,0.21178455207902724,-8.308012787616821e-09
232,32,3880,0.21652324410405,-9.1549380779214e-09
232,33,3900,0.22051014338059816,-8.644906523952617e-09
232,34,4150,0.2156319569892594,-7.322905190464489e-09
232,35,3770,0.2101848988789229,-7.604572852105586e-09
232,36,4070,0.21793509913790277,-7.133310590767373e-09
232,37,3840,0.22620207849737928,-8.780171676407416e-09
232,38,4110,0.2202585836418557,-7.944817817567401e-09
232,39,3790,0.21523702774823483,-9.067852410470563e-09
232,40,3950,0.21756586571532588,-1.1444616330475077e-08
232,41,3820,0.21986326219836594,-7.23634488542226e-09
232,42,4010,0.21464993224866646,-9.264295503988886e-09
232,43,3880,0.2207295890816875,-8.659571247810234e-09
232,44,4210,0.2143080544413386,-8.098151298373673e-09
232,45,3900,0.22311781342273562,-9.040910021246262e-09
232,46,3690,0.214528878865074,-9.222183459994545e-09
232,47,3930,0.21555816540167638,-7.78643268361676e-09
232,48,3870,0.22306462428148455,-1.0058989254721499e-08
232,49,4270,0.21107673949695638,-8.109085172396621e-09
460,0,150,0.4128946093811179,-1.6433068719063227e-08
460,1,150,0.41030650471454877,-1.8146966796702907e-08
460,2,150,0.43567869057023856,-1.666957865739481e-08
460,3,150,0.40809718989429355,-1.3615404609749961e-08
460,4,150,0.40647633876622125,-1.3650805009297808e-08
460,5,150,0.4422536355156991,-2.373060310601583e-08
460,6,150,0.4119449262030973,-2.0882901905325487e-08
460,7,150,0.40373485070245907,-1.944590823925913e-08
460,8,150,0.3938723178440674,-1.637307561748895e-08
460,9,150,0.46278467934267886,-2.162030814023013e-08
460,10,150,0.46447504729379885,-2.4612560948713186e-08
460,11,110,0.44172207347459447,-2.0640575314731393e-08
460,12,110,0.42191750667429073,-1.9259183474342486e-08
460,13,110,0.44773718869681134,-2.1198124847476722e-08
460,14,110,0.42224912971066486,-1.960526778565273e-08
460,15,110,0.4528378942731578,-2.1766045241799583e-08
460,16,150,0.40713414100387746,-1.1536015761622773e-08
460,17,110,0.4559691560517283,-2.2142966236852684e-08
460,18,110,0.40988338571280813,-1.6242689755814376e-08
460,19,150,0.4343929699894168,-2.7289801902368512e-08
460,20,150,0.4709481928404248,-1.9432656172834693e-08
460,21,150,0.47900234494367777,-2.398734565524876e-08
460,22,150,0.4615228246269033,-1.6833809867578293e-08
460,23,110,0.4581490490153062,-1.8750709901827297e-08
460,24,150,0.45151747370294115,-2.9052890177025304e-08
460,25,150,0.38289935773670625,-1.2601805760736556e-08
460,26,90,0.4506504741357187,-2.0094444483736374e-08
460,27,90,0.45335381979810385,-2.0526624952323303e-08
460,28,90,0.4329399556895599,-2.0366213035302315e-08
460,29,110,0.4039769667116998,-1.79210821033653e-08
460,30,90,0.4329165757680834,-2.061430291046163e-08
460,31,150,0.47628096933931685,-1.9782305332027505e-08
460,32,90,0.4533749154546052,-1.8511512732402116e-08
460,33,90,0.4314726697192043,-1.5949032713798946e-08
460,34,80,0.45553415649709916,-1.9075844257009134e-08
460,35,80,0.4552708658081238,-1.7531187376673725e-08
460,36,90,0.47494649144522194,-2.3424627073367386e-08
460,37,150,0.48053747308247374,-1.9357477036512483e-08
460,38,150,0.43820514993601467,-3.0260861863481885e-08
460,39,90,0.41716162832739634,-1.4526764879696345e-08
460,40,80,0.4153203745653351,-1.5383367112515586e-08
460,41,90,0.4773575266780016,-2.2077327291432765e-08
460,42,150,0.4662462850938266,-1.5988108347512593e-08
460,43,110,0.479925430138219,-2.1435028930515484e-08
460,44,80,0.47550536107756547,-2.566419824866907e-08
460,45,80,0.4112492367231596,-1.6502625466627557e-08
460,46,90,0.4126378125373644,-1.8841916480787336e-08
460,47,110,0.39310444222648566,-1.3488746829375114e-08
460,48,90,0.4640173103276245,-2.7468960864513537e-08
460,49,110,0.45220246244198514,-2.914582139612816e-08
550,0,7350,0.16574436290507255,-1.2267114288819706e-08
550,1,7290,0.1677352311754442,-1.3568831059615988e-08
550,2,6720,0.16948969010829995,-1.3043816258860904e-08
550,3,7290,0.16692482895909266,-1.1567782079563729e-08
550,4,6910,0.1678752451084009,-1.3149803724214616e-08
550,5,7700,0.16608929189995736,-1.1536235652747598e-08
550,6,7590,0.1634768207577314,-1.1946587595888013e-08
550,7,7290,0.17057775244035434,-1.2761383089561094e-08
550,8,6760,0.16508123058358937,-1.077164715191131e-08
550,9,6910,0.16403328520656624,-1.2514949334971163e-08
550,10,6820,0.16842347837710359,-1.3709934957512352e-08
550,11,6820,0.16805766788347198,-1.3734963209572043e-08
550,12,7230,0.16306621900545704,-1.1236454975908e-08
550,13,7250,0.1686062619513955,-1.4173705398923061e-08
550,14,7350,0.1630807693051085,-1.2699588413615514e-08
550,15,7210,0.1664045281975769,-1.1660996388792267e-08
550,16,7530,0.1697581484458217,-1.2764118845963564e-08
550,17,7360,0.16925555125600622,-1.2077724655408705e-08
550,18,7360,0.16355972018909826,-1.0754490404578546e-08
550,19,7050,0.17119068245036462,-1.2619552970774468e-08
550,20,7340,0.16774380895701424,-1.3515561936916853e-08
550,21,7250,0.16562475832920354,-1.1750812863210724e-08
550,22,7880,0.1644056710761166,-1.1781436114457416e-08
550,23,7360,0.1666834077434356,-1.2214399306550964e-08
550,24,7210,0.16455649251959314,-1.3077666289425013e-08
550,25,7100,0.16962432167248565,-1.1795844008742803e-08
550,26,7470,0.16629431216925128,-1.1501700441731963e-08
550,27,6780,0.16601141178822643,-1.401972055487157e-08
550,28,7490,0.1657775127876182,-1.361128187307887e-08
550,29,7700,0.16605345026127138,-1.0483451531082455e-08
550,30,7500,0.16766381957427712,-1.4157857424018788e-08
550,31,7420,0.16366047979913045,-1.0549011414736955e-08
550,32,7350,0.17187093358630678,-1.4447889031180906e-08
550,33,7140,0.16315907970472143,-1.2639109337163782e-08
550,34,7460,0.16525875466032813,-1.3552141450972416e-08
550,35,6820,0.16646125832201164,-1.0468263771006105e-08
550,36,7390,0.16943647623241587,-1.3518942975454473e-08
550,37,7350,0.17235253154927388,-1.3961816364555818e-08
550,38,6820,0.17092820267419717,-1.4657675254319249e-08
550,39,7250,0.16436438332444936,-9.979045225481271e-09
550,40,7740,0.16732812102377048,-1.364140929843399e-08
550,41,7880,0.1634363712539919,-1.2914799596456458e-08
550,42,7040,0.16929760901943314,-1.2173014444673398e-08
550,43,7210,0.16619426506012502,-1.4150677880685482e-08
550,44,7250,0.16862618637184668,-1.0820793871962629e-08
550,45,7040,0.1630938889904403,-1.2911570340315023e-08
550,46,7120,0.1713983104779082,-1.5432704620983125e-08
550,47,7120,0.16753414102380326,-1.008427797217965e-08
550,48,7700,0.16208241306237225,-1.129115668268401e-08
550,49,7470,0.16594561411678177,-1.0704751639858165e-08
253,0,1970,0.33920714513485806,-1.05815601506422e-07
253,1,1980,0.33012815300548415,-1.0719516777973034e-07
253,2,1980,0.32635826165679005,-9.972823617312526e-08
253,3,1970,0.31742946270010297,-9.173705695872748e-08
253,4,1970,0.34071798748466486,-9.958083799146861e-08
253,5,1980,0.32457959500748956,-8.961288683807495e-08
253,6,1960,0.3418262137152288,-1.1078079455059011e-07
253,7,1980,0.34301124316095943,-1.1577774769632885e-07
253,8,1850,0.33672509155437247,-1.0904031832006648e-07
253,9,2050,0.33995177227989903,-1.0123059603811032e-07
253,10,2030,0.337883160193276,-9.921759941397255e-08
253,11,1980,0.34976659902569607,-1.0990579868063502e-07
253,12,1820,0.34551998372937787,-1.1302181864705006e-07
253,13,2060,0.34229836908625755,-1.0573054651946814e-07
253,14,1810,0.3241128003609328,-1.0068923735287057e-07
253,15,1810,0.3276727900962797,-1.0732679227931971e-07
253,16,1970,0.3407558291995685,-9.210663176878598e-08
253,17,2040,0.32917458117621623,-1.052890902623004e-07
253,18,1750,0.32617902650827535,-9.628286753902593e-08
253,19,1970,0.3305857762245734,-1.0607997928951575e-07
253,20,1680,0.33764724741893504,-1.0917357419434493e-07
253,21,1870,0.3447628935726256,-1.0039432297166217e-07
253,22,1820,0.3491346771333157,-1.0235230467852631e-07
253,23,1980,0.32515324357586006,-1.0083123434358054e-07
253,24,2010,0.32032698522084524,-8.39074826966485e-08
253,25,1920,0.3262847768852093,-9.26814993869888e-08
253,26,1870,0.3295857571923754,-1.048563433787233e-07
253,27,1890,0.32990268435418324,-9.90080909855513e-08
253,28,1930,0.3224364034085967,-8.601886030303623e-08
253,29,1980,0.3188543098794122,-8.323029872605124e-08
253,30,2240,0.32953186994036276,-1.0825635915717537e-07
253,31,1890,0.3337810036661426,-1.0256206245554464e-07
253,32,2030,0.3405462759990425,-1.1108787846526013e-07
253,33,2030,0.34837242873826024,-1.1364966921461896e-07
253,34,1970,0.342669658125928,-1.014880168214916e-07
253,35,1930,0.31896575391907844,-1.0305072579904689e-07
253,36,2240,0.32252226359751035,-9.17220982769173e-08
253,37,2040,0.32558528385408225,-8.84455703838195e-08
253,38,1930,0.3159625479887712,-8.822263469699659e-08
253,39,1980,0.33584378946012294,-1.215861492128011e-07
253,40,2050,0.34832240049526964,-1.0267084752370765e-07
253,41,2040,0.3339497690330746,-1.0413952794928577e-07
253,42,1870,0.3464138914829801,-1.1835382049557433e-07
253,43,2090,0.33615882522292106,-1.0183884292521524e-07
253,44,1960,0.3537233879742553,-1.0249200299788841e-07
253,45,2090,0.3238432526104902,-9.545794594829875e-08
253,46,2070,0.3229179044911724,-9.38461154335267e-08
253,47,1870,0.32897139864549996,-8.795847399494652e-08
253,48,2020,0.3304005981726187,-9.83793292761229e-08
253,49,1980,0.3106334044303296,-9.970933557994954e-08
163,0,2350,0.38252020202749404,-2.875494473363381e-08
163,1,2350,0.37478688401005855,-2.6963538091157938e-08
163,2,2500,0.3748206727633202,-2.7159520817550555e-08
163,3,2670,0.3798319574187168,-3.1178477199468907e-08
163,4,2600,0.3725960983655251,-3.0468930094598774e-08
163,5,2400,0.37081939165580957,-2.891025805948534e-08
163,6,2670,0.3812333030944238,-2.8141829960326664e-08
163,7,2530,0.3711614866679426,-3.018884478922436e-08
163,8,2530,0.3773448865724264,-2.9502106099635952e-08
163,9,2520,0.3733397840530538,-2.8442632580801314e-08
163,10,2400,0.36973521897168293,-3.108544127434996e-08
163,11,2540,0.3674169690021676,-2.8881827329572448e-08
163,12,2610,0.3711743503007958,-2.7289610206269397e-08
163,13,2520,0.3670566864838578,-2.9776598169252535e-08
163,14,2610,0.373311086879919,-2.7588994519369016e-08
163,15,2580,0.37490807162403383,-2.770401978546239e-08
163,16,2470,0.3824457009127423,-2.9633364041049534e-08
163,17,2470,0.3676896794140173,-2.6630084462066757e-08
163,18,2470,0.37152138841401294,-2.6452240010998625e-08
163,19,2530,0.37064849803812094,-3.074411421072052e-08
163,20,2530,0.386471794993982,-3.34761877819589e-08
163,21,2660,0.37962331063777355,-2.8438639303509522e-08
163,22,2610,0.3658482853573548,-2.9598898435195076e-08
163,23,2580,0.3635760968525399,-2.792455294759383e-08
163,24,2450,0.3754027778414545,-2.860142207094455e-08
163,25,2530,0.37031054798541263,-2.6181341072734727e-08
163,26,2350,0.36958192895746556,-2.750361534895893e-08
163,27,2360,0.38333735864299956,-2.9394068801378712e-08
163,28,2540,0.3864019159579324,-2.734003708466028e-08
163,29,2630,0.37671460893995623,-3.2844262060777873e-08
163,30,2500,0.38824657303153354,-3.3997457988841046e-08
163,31,2680,0.377376994435511,-3.0309743599182913e-08
163,32,2450,0.37948973532202024,-3.003297070696475e-08
163,33,2610,0.38175363334185397,-3.015005754968029e-08
163,34,2540,0.39378158232800176,-3.11004072816003e-08
163,35,2650,0.3724336195621635,-3.1297809557858654e-08
163,36,2660,0.36942317893042764,-2.8911502346577905e-08
163,37,2540,0.3774510886579492,-2.5676128148795286e-08
163,38,2400,0.3786722012589865,-3.349429939013948e-08
163,39,2580,0.38620113946716306,-2.9562462937472937e-08
163,40,2680,0.38596601253711604,-3.084455162678244e-08
163,41,2420,0.37295865335806666,-3.362251579979106e-08
163,42,2480,0.3852739619432072,-3.145675871233831e-08
163,43,2630,0.3687165014235806,-2.714474991089971e-08
163,44,2610,0.3738449727791672,-2.5953790958429898e-08
163,45,2480,0.3798390552100631,-2.721397635406001e-08
163,46,2820,0.37241212849484706,-3.016323829928357e-08
163,47,2530,0.38436094847304847,-2.8251780228616105e-08
163,48,2530,0.3737232250666763,-2.67921744085026e-08
163,49,2520,0.3823866295148405,-3.203178557444247e-08
228,0,830,0.30422369161829366,-8.900905003380652e-08
228,1,730,0.3116299582416704,-8.73081713211886e-08
228,2,730,0.3157722781234159,-9.683796728488444e-08
228,3,730,0.3036922474483519,-7.860144309987921e-08
228,4,750,0.29531816379862663,-8.071126303595909e-08
228,5,800,0.30853828426360497,-9.700330559211374e-08
228,6,720,0.3074189009272781,-9.555776655741651e-08
228,7,730,0.3063514423822379,-9.932767596399111e-08
228,8,720,0.3083801481046914,-9.683923306275278e-08
228,9,730,0.2914404318236813,-8.771758700390239e-08
228,10,760,0.3050499096543021,-8.424240937929481e-08
228,11,890,0.2961773381121128,-7.70778987429312e-08
228,12,730,0.3107912139557689,-8.087955536752064e-08
228,13,700,0.3110927188474891,-9.159300074147303e-08
228,14,720,0.30607564427659517,-9.186951443280887e-08
228,15,890,0.3014433626332109,-9.875303163252828e-08
228,16,730,0.3063908594385628,-7.764154182004972e-08
228,17,770,0.2936570774743249,-8.929598221145743e-08
228,18,730,0.30992835408691655,-9.580868505164555e-08
228,19,780,0.29888588787499515,-7.938440922113061e-08
228,20,830,0.29056893162019615,-9.22724497395909e-08
228,21,690,0.31565016607519514,-9.611062505748043e-08
228,22,780,0.2952539623049273,-8.675397698702647e-08
228,23,780,0.30549675443371593,-9.001238665547884e-08
228,24,690,0.29504692898683205,-8.30986386105918e-08
228,25,730,0.30767675650771886,-8.348007327905791e-08
228,26,690,0.3098761063241863,-8.351730877790643e-08
228,27,750,0.30044107555743294,-8.32999313048461e-08
228,28,750,0.2988695208354898,-7.466725803738768e-08
228,29,690,0.29742199363273725,-9.16384463716468e-08
228,30,700,0.2976099223614297,-8.805317485525794e-08
228,31,720,0.29141054157432367,-8.526247729635067e-08
228,32,780,0.2931226666272092,-7.796943864460863e-08
228,33,730,0.29807073597699796,-1.0064592774406868e-07
228,34,780,0.307800746010653,-9.302882552157752e-08
228,35,650,0.29764674276842573,-7.823189415505916e-08
228,36,830,0.2982333826779481,-1.0058959419419257e-07
228,37,770,0.29794447155466297,-9.49652011987656e-08
228,38,700,0.3047558202424214,-7.851238167816126e-08
228,39,670,0.3071137376441331,-8.631156327227563e-08
228,40,720,0.3158507837778072,-9.131486275868882e-08
228,41,750,0.3085762564927793,-8.564688270280877e-08
228,42,670,0.30334473231025316,-8.208659976221665e-08
228,43,820,0.2903654358407156,-8.767339090010448e-08
228,44,720,0.3134093943935792,-1.0611792081550998e-07
228,45,750,0.30294066091973815,-8.041985244332548e-08
228,46,830,0.3185676516776901,-9.207407862287155e-08
228,47,820,0.30666085231775164,-8.354728755338213e-08
228,48,700,0.3026066576813419,-7.94314022423364e-08
228,49,790,0.3143462853936172,-9.422034052903697e-08
177,0,2170,0.3060475451752358,-9.380889348309416e-08
177,1,2260,0.3068731579236006,-9.39334543180236e-08
177,2,2210,0.3048062815393391,-9.309538083799213e-08
177,3,2150,0.3072966924471745,-9.93224387170531e-08
177,4,1950,0.30042809014045857,-9.198524390589454e-08
177,5,2150,0.30841435345892776,-9.020401890376038e-08
177,6,2010,0.3007792482133318,-9.402847271156212e-08
177,7,2170,0.2993088238528051,-8.51307890736125e-08
177,8,2180,0.312348594590254,-1.0198345306083554e-07
177,9,2160,0.30431675672262526,-1.0012816746069455e-07
177,10,2290,0.3118979871267109,-1.001207233823627e-07
177,11,2060,0.3120589433513524,-9.058767403219104e-08
177,12,2010,0.3150028216396975,-1.0466261555225245e-07
177,13,2290,0.3088749693438828,-1.0278052285583002e-07
177,14,1950,0.3090380594896518,-1.0803178097917879e-07
177,15,2010,0.3111964118834172,-1.0148252223337473e-07
177,16,1980,0.3104212731803334,-9.709828496365418e-08
177,17,2320,0.31572583380541874,-1.0613553892641989e-07
177,18,2210,0.2938157485270281,-8.836075713732003e-08
177,19,2160,0.29804220127195646,-9.286355934241644e-08
177,20,2130,0.3125864141803236,-1.0119208910285127e-07
177,21,1890,0.3181387245971452,-1.0714664269890418e-07
177,22,2180,0.31515748165318325,-9.315816173460822e-08
177,23,2320,0.2973334371607731,-1.0001677826099187e-07
177,24,2320,0.30818726746905145,-1.0787239529381331e-07
177,25,2000,0.3159675555707896,-1.0147251789052686e-07
177,26,2140,0.30020511455976695,-9.630030311544376e-08
177,27,2040,0.3149179229547673,-9.858194676560184e-08
177,28,2070,0.318414638738437,-9.52746568552163e-08
177,29,2010,0.30804122133423506,-8.595767787110308e-08
177,30,1980,0.30267412220273593,-9.967656866539439e-08
177,31,1980,0.30117696490830037,-9.318280037913283e-08
177,32,1980,0.31443412727256126,-1.0476150994133866e-07
177,33,2260,0.32266949092260766,-9.622475835441071e-08
177,34,2140,0.2973023681612803,-1.0103579938689915e-07
177,35,2070,0.3100170004576178,-9.237846361223267e-08
177,36,1890,0.32352578772342067,-1.018045478502098e-07
177,37,2010,0.30896188647416256,-1.084282550302243e-07
177,38,2190,0.31037786074880713,-1.062969197707443e-07
177,39,2060,0.3124337073118716,-9.781637279935095e-08
177,40,1890,0.32170158804179394,-1.0903081667431122e-07
177,41,2170,0.32494787301667605,-1.1047826365205899e-07
177,42,2050,0.3126825809353032,-1.0171777826024209e-07
177,43,1950,0.3025818826081359,-8.922119035134869e-08
177,44,1890,0.3234369166307497,-9.845146047369231e-08
177,45,1970,0.31679633373802574,-1.0239139646127714e-07
177,46,1910,0.3191060213348129,-9.847364811947572e-08
177,47,2010,0.3201714369302543,-1.0590097615150956e-07
177,48,1890,0.2993404828163492,-9.765358680356293e-08
177,49,2210,0.3131629037407101,-9.952628515274883e-08
